000000002027033012
000000002027033014
000000002027033015
000000002064304007
000000002064304008
000000002064304009
000000002064304010
000000001006375021
000000001006375022
000000001006375023
000000001006375024
000000001006375025
000000001006375026
000000001006375027
000000001006375028
000000001006375029
000000001006375030
000000002014828004
000000002014828005
000000002064307001
000000002064307007
000000002064307008
000000002064307009
000000002064307010
000000002064305007
000000002064305008
000000002064305009
000000002064305010
000000002064308004
000000002064309001
000000002064316001
000000002064332001
000000000002037279
000000002037377001
000000001005078001
000000001005386001
000000001005386044
000000001005386045
000000001005386046
000000001005386047
000000001005386048
000000001005386049
000000001005386050
000000001005386051
000000001005386052
000000001005386053
000000001005386054
000000001005386055
000000001005386056
000000001005386057
000000001005386058
000000001005386059
000000001005386060
000000001017829038
000000001017829039
000000001017829041
000000001017829042
000000002003870011
000000002003870012
000000002003870013
000000002003870014
000000002003870015
000000002003870017
000000002003870018
000000002003870019
000000002003870020
000000002003870021
000000001017842014
000000001017842015
000000001017842016
000000001017842018
000000001017824020
000000001017824021
000000001017891001
000000002067800001
000000002067868004
000000002067927001
000000002068321006
000000002068493001
000000002003704014
000000002003704015
000000002003704016
000000002003704017
000000002003704018
000000002003704019
000000002003704020
000000002003704021
000000002003785001
000000001010549001
000000001016454001
000000002027539001
000000002029914001
000000001015898001
000000002033256004
000000001009570001
000000002033303004
000000002033661004
000000001009908001
000000001011703008
000000001011703010
000000001011703011
000000001011703012
000000002037337001
000000002027521001
000000002033660004
000000001011765001
000000002033306004
000000002033350011
000000002066660001
000000002036505008
000000002036505009
000000002036505010
000000002036505011
000000002036505012
000000002066940001
000000002067033001
000000002067035005
000000001016045012
000000001016045013
000000001016045014
000000001016045015
000000001007549001
000000001007549012
000000001007549013
000000001007549014
000000001007549015
000000002031048001
000000002033643004
000000002033686001
000000002067633001
000000001007817001
000000002028000001
000000002029275001
000000001005380032
000000001005380033
000000001005380034
000000001005380035
000000001005380036
000000001005380037
000000001005380038
000000001005380039
000000001005380040
000000001005380041
000000001005380042
000000001017855001
000000002036702022
000000002036702023
000000002036702024
000000002036702025
000000002036483026
000000002036483028
000000002036483029
000000002036483030
000000002036485032
000000002036485033
000000002036485034
000000002036485035
000000002036485036
000000002036526001
000000002036526014
000000002036526015
000000002036526016
000000002036526017
000000002036526018
000000002036442020
000000002036442021
000000002036442022
000000002036442023
000000002036442024
000000002036442025
000000002036442026
000000002036442027
000000002036442028
000000002036442029
000000002036442030
000000002036442031
000000002036442032
000000002036442033
000000002036442034
000000002036442035
000000002036442036
000000002033216011
000000002033216012
000000002033216013
000000002033255006
000000002033517004
000000002033644004
000000002067106005
000000002067486005
000000001016395001
000000001016395008
000000001016395009
000000001016395010
000000001016395011
000000001016395012
000000001005440008
000000001005440009
000000001005440010
000000001005440011
000000001005440012
000000001005440013
000000001005440014
000000001005440015
000000001005440016
000000001005440017
000000001005440018
000000001005381026
000000001005381027
000000001005381028
000000001005381029
000000001005381030
000000001006968026
000000001006968027
000000001006968028
000000001006968029
000000001006968030
000000001007510017
000000001007510018
000000001007510019
000000001007510020
000000002063157001
000000002063328001
000000002063161001
000000002061991001
000000002063412001
000000002062964001
000000002063636001
000000002063429001
000000001005382044
000000001005382045
000000001005382046
000000001005382047
000000001005382048
000000001005382049
000000001005382050
000000001005382051
000000001005382052
000000001005382053
000000001005382054
000000001005382055
000000001005382056
000000001005382057
000000001005382058
000000001005382059
000000001005382060
000000001005382061
000000001005382062
000000001005382063
000000001005382064
000000001005382065
000000001005382066
000000001005382067
000000001005382068
000000001005382069
000000001005382070
000000001005382071
000000001005382072
000000001005382073
000000001005382074
000000001005382075
000000001005382076
000000001005382077
000000001005382078
000000000002033417
000000000002068077
000000000002033322
000000000002033334
000000002033326002
000000000002091581
000000000002066968
000000000002067208
000000000002033502
000000000002033346
000000002091601001
000000002091601008
000000002091601009
000000002091601010
000000002091601011
000000002091601012
000000002091601013
000000002091601014
000000002091601015
000000002091601016
000000002091601017
000000002091601018
000000000002067260
000000000002033355
000000002033295001
000000002033295003
000000002033295004
000000000002091629
000000000002033573
000000000002033572
000000000002067576
000000000002067556
000000002033528001
000000002033528003
000000000002033581
000000002067222001
000000002067222003
000000000002033605
000000000002026066
000000000002033403
000000002026228008
000000002026228009
000000002026228010
000000002026228011
000000002026228012
000000002026228013
000000002026228014
000000002026228015
000000002026228016
000000002026228017
000000002026228018
000000002026228019
000000002026228020
000000002026228021
000000000002033245
000000000002033226
000000000002033247
000000000002033676
000000000002033685
000000002002081004
000000002033665003
000000000001015778
000000000001009612
000000002037346007
000000002037346008
000000002037346009
000000002037346010
000000002037346011
000000002037346012
000000002037346013
000000002037346014
000000002037346015
000000000001023324
000000000001023342
000000000001023327
000000000001023349
000000001001095006
000000001001095007
000000001001095008
000000001001095009
000000001001095010
000000001001095011
000000001001095012
000000001012433003
000000001012433004
000000001016625007
000000001016625008
000000001016625009
000000001016625010
000000001016625011
000000001016625012
000000001016625013
000000001016625014
000000001016625015
000000000001007213
000000000001007325
000000002099962010
000000001018098008
000000001018098009
000000001018098010
000000000001007390
000000000002037192
000000000002028448
000000000002099970
000000000002067555
000000000001023439
000000000001006654
000000001023659007
000000001023659008
000000001023659009
000000001023659010
000000001023659011
000000001023659012
000000000001024361
000000000002036709
000000000001010500
000000000001007172
000000001007183006
000000001007183007
000000001007183008
000000001007183009
000000001007183010
000000001007183011
000000001007183012
000000001007183013
000000001007183014
000000001007183015
000000000002090527
000000001010199001
000000002014191001
000000002000034001
000000001007965001
000000002000029001
000000001011595001
000000002001750001
000000000002026119
000000000001008219
000000000002026123
000000002021480001
000000002002408001
000000000001002167
000000002021478001
000000001000567006
000000001000567007
000000001000567008
000000001000567009
000000001000567010
000000001000567011
000000001000567012