$catalog-id = S4HProductCatalog
$catalog-version = ERP_IMPORT
$catalogVersion = catalogversion(catalog(id[default=$catalog-id]), version[default=$catalog-version])[unique=true, default=$catalog-id:$catalog-version]
$supercategories = supercategories(code, catalogversion(catalog(id[default=$catalog-id]), version[default=$catalog-version]))
$vendor = apparello
$storeUid = fabindiab2c
Insert_update Product;code[unique=true];approvalStatus(code)[default = 'approved'];$catalogVersion
000000002059844009
000000002059844008
000000002056738008
000000002056738007
000000002061287003
000000002060587004
000000002062772004
000000002060983003
000000002060983002
000000002060983001
000000002063439003
000000002062626006
000000002062626003
000000002059941003
000000002059941002
000000002059941001
000000002062966002
000000002062966001
000000002063634009
000000002059731007
000000002059731004
000000002059731003
000000002061484006
000000002061484005
000000002061484004
000000002061484003
000000002059711014
000000002059711013
000000002059711007
000000002056580002
000000002052039001
000000002026224006
000000002026224005
000000002026224004
000000002026224003
000000002026224002
000000002026224001
000000002026219005
000000002026219004
000000002026219003
000000002026219002
000000002026219001
000000001007957007
000000001007957006
000000001007957005
000000001007957004
000000001007957003
000000002064372036
000000002064372035
000000002064372034
000000002064372033
000000002064372032
000000002064372031
000000002064372024
000000002064372023
000000002064372022
000000002064372021
000000002064372020
000000002064372019
000000002064372018
000000002064372017
000000002064372016
000000002064372015
000000002064372014
000000002064372013
000000002064372006
000000002064372005
000000002064372004
000000002064372003
000000002064372002
000000002064372001
000000002033554001
000000002036331027
000000002036331026
000000002036331025
000000002036331024
000000002036331023
000000002036331022
000000001017844012
000000001017844011
000000001017844010
000000001017844009
000000001017844008
000000001017844007
000000001018128009
000000001018118015
000000001018118014
000000001018118013
000000001018118012
000000001018118011
000000001020354006
000000001020354005
000000001020354004
000000001020354003
000000001020354002
000000001020354001
000000001010777005
000000001011199003
000000001015476005
000000001015476003
000000002067266003
000000002067166001
000000001011105006
000000001011105005
000000001011105004
000000001011105003
000000001011105001
000000002067152001
000000001018517005
000000001018517004
000000001018517003
000000001018517002
000000001018517001
000000002067072002
000000002066895002
000000002066891003
000000002066884002
000000002066883002
000000001017831018
000000001017831017
000000001017831016
000000001017831015
000000001017831014
000000001017831013
000000001017831012
000000001017831011
000000001017831010
000000001017831009
000000001017831008
000000001017831007
000000002027824002
000000002027821006
000000002027821003
000000002027821001
000000001018591001
000000001018558001
000000002064375036
000000002064375035
000000002064375034
000000002064375033
000000002064375032
000000002064375031
000000001001566014
000000001001566013
000000001001566012
000000001001566011
000000001001566010
000000001001566009
000000001001566008
000000002027685003
000000002027685002
000000002026210012
000000002026210011
000000002026210010
000000002026210009
000000002026210008
000000002026210007
000000001001280014
000000001001280013
000000001001280012
000000001001280011
000000001001280010
000000001001280009
000000001001280008
000000002027655001
000000002027653001
000000002026207021
000000002026207020
000000002026207019
000000002026207018
000000002026207017
000000002027652001
000000002026207016
000000002026207015
000000002026207014
000000002026207013
000000002026207012
000000002026207011
000000002026207010
000000002026207009
000000002026207008
000000001007950014
000000001007950013
000000001007950012
000000001007950011
000000001007950010
000000001007950009
000000001007950008
000000002037124002
000000002037124001
000000002027532002
000000002026194005
000000002026194004
000000002026194003
000000002026194002
000000002026194001
000000002026188004
000000002026188003
000000002026188002
000000002026188001
000000001016115012
000000001016115011
000000001016115010
000000001016115009
000000001016115008
000000001016115007
000000002028344001
000000002028902003
000000002068289001
000000002028248002
000000002036733005
000000002028245002
000000002068122002
000000002033274001
000000002028735003
000000002028600001
000000002028589002
000000002090539002
000000002028103002
000000001011939002
000000002028020001
000000002090513028
000000002028462001
000000002090513027
000000002090513026
000000002090513025
000000002090513024
000000002090513023
000000002090513022
000000002067654001
000000002067653001
000000002030348001
000000001011888001
000000002030185001
000000002027972002
000000002067614002
000000002067603001
000000002027938001
000000001011806002
000000002067443002
000000002067443001
000000002027848004
000000002027848003
000000002027847001
000000002027846004
000000002027826002
000000002067298001
000000002033382001
000000001000781007
000000001000781006
000000001000781005
000000001000781004
000000001000781003
000000001000781002
000000001000781001
000000002066900004
000000002066684001
000000002000488008
000000002000488007
000000002000488006
000000002000488005
000000001002487012
000000001002487011
000000001002487010
000000001002487009
000000001002487008
000000001002487007
000000002003893005
000000002003730005
000000002003730003
000000002003704011
000000002003704001
000000002068141002
000000001017849025
000000001017849024
000000001017849017
000000001017849016
000000001017849015
000000001017849014
000000001018083025
000000001018083024
000000001018083022
000000001018083021
000000001018131048
000000001018131047
000000001018131046
000000001018131045
000000001018131044
000000001006347011
000000001006347010
000000001006347009
000000001006347008
000000001006347007
000000001010895012
000000001010895011
000000001010895010
000000001010895009
000000001010895008
000000001010895007
000000002064306003
000000002027103010
000000002027103009
000000002027103008
000000002027103006
000000001007290006
000000001007290005
000000001007290004
000000001007290003
000000001007290002
000000001007290001
000000002027071010
000000002027071009
000000002027071008
000000002027071007
000000002027071006
